Class,DIST_WRIST-WRIST,DIST_THUMB_CMC-WRIST,DIST_THUMB_MCP-WRIST,DIST_THUMB_IP-WRIST,DIST_THUMB_TIP-WRIST,DIST_INDEX_FINGER_MCP-WRIST,DIST_INDEX_FINGER_PIP-WRIST,DIST_INDEX_FINGER_DIP-WRIST,DIST_INDEX_FINGER_TIP-WRIST,DIST_MIDDLE_FINGER_MCP-WRIST,DIST_MIDDLE_FINGER_PIP-WRIST,DIST_MIDDLE_FINGER_DIP-WRIST,DIST_MIDDLE_FINGER_TIP-WRIST,DIST_RING_FINGER_MCP-WRIST,DIST_RING_FINGER_PIP-WRIST,DIST_RING_FINGER_DIP-WRIST,DIST_RING_FINGER_TIP-WRIST,DIST_PINKY_FINGER_MCP-WRIST,DIST_PINKY_FINGER_PIP-WRIST,DIST_PINKY_FINGER_DIP-WRIST,DIST_PINKY_FINGER_TIP-WRIST,DIST_WRIST-THUMB_CMC,DIST_THUMB_CMC-THUMB_CMC,DIST_THUMB_MCP-THUMB_CMC,DIST_THUMB_IP-THUMB_CMC,DIST_THUMB_TIP-THUMB_CMC,DIST_INDEX_FINGER_MCP-THUMB_CMC,DIST_INDEX_FINGER_PIP-THUMB_CMC,DIST_INDEX_FINGER_DIP-THUMB_CMC,DIST_INDEX_FINGER_TIP-THUMB_CMC,DIST_MIDDLE_FINGER_MCP-THUMB_CMC,DIST_MIDDLE_FINGER_PIP-THUMB_CMC,DIST_MIDDLE_FINGER_DIP-THUMB_CMC,DIST_MIDDLE_FINGER_TIP-THUMB_CMC,DIST_RING_FINGER_MCP-THUMB_CMC,DIST_RING_FINGER_PIP-THUMB_CMC,DIST_RING_FINGER_DIP-THUMB_CMC,DIST_RING_FINGER_TIP-THUMB_CMC,DIST_PINKY_FINGER_MCP-THUMB_CMC,DIST_PINKY_FINGER_PIP-THUMB_CMC,DIST_PINKY_FINGER_DIP-THUMB_CMC,DIST_PINKY_FINGER_TIP-THUMB_CMC,DIST_WRIST-THUMB_MCP,DIST_THUMB_CMC-THUMB_MCP,DIST_THUMB_MCP-THUMB_MCP,DIST_THUMB_IP-THUMB_MCP,DIST_THUMB_TIP-THUMB_MCP,DIST_INDEX_FINGER_MCP-THUMB_MCP,DIST_INDEX_FINGER_PIP-THUMB_MCP,DIST_INDEX_FINGER_DIP-THUMB_MCP,DIST_INDEX_FINGER_TIP-THUMB_MCP,DIST_MIDDLE_FINGER_MCP-THUMB_MCP,DIST_MIDDLE_FINGER_PIP-THUMB_MCP,DIST_MIDDLE_FINGER_DIP-THUMB_MCP,DIST_MIDDLE_FINGER_TIP-THUMB_MCP,DIST_RING_FINGER_MCP-THUMB_MCP,DIST_RING_FINGER_PIP-THUMB_MCP,DIST_RING_FINGER_DIP-THUMB_MCP,DIST_RING_FINGER_TIP-THUMB_MCP,DIST_PINKY_FINGER_MCP-THUMB_MCP,DIST_PINKY_FINGER_PIP-THUMB_MCP,DIST_PINKY_FINGER_DIP-THUMB_MCP,DIST_PINKY_FINGER_TIP-THUMB_MCP,DIST_WRIST-THUMB_IP,DIST_THUMB_CMC-THUMB_IP,DIST_THUMB_MCP-THUMB_IP,DIST_THUMB_IP-THUMB_IP,DIST_THUMB_TIP-THUMB_IP,DIST_INDEX_FINGER_MCP-THUMB_IP,DIST_INDEX_FINGER_PIP-THUMB_IP,DIST_INDEX_FINGER_DIP-THUMB_IP,DIST_INDEX_FINGER_TIP-THUMB_IP,DIST_MIDDLE_FINGER_MCP-THUMB_IP,DIST_MIDDLE_FINGER_PIP-THUMB_IP,DIST_MIDDLE_FINGER_DIP-THUMB_IP,DIST_MIDDLE_FINGER_TIP-THUMB_IP,DIST_RING_FINGER_MCP-THUMB_IP,DIST_RING_FINGER_PIP-THUMB_IP,DIST_RING_FINGER_DIP-THUMB_IP,DIST_RING_FINGER_TIP-THUMB_IP,DIST_PINKY_FINGER_MCP-THUMB_IP,DIST_PINKY_FINGER_PIP-THUMB_IP,DIST_PINKY_FINGER_DIP-THUMB_IP,DIST_PINKY_FINGER_TIP-THUMB_IP,DIST_WRIST-THUMB_TIP,DIST_THUMB_CMC-THUMB_TIP,DIST_THUMB_MCP-THUMB_TIP,DIST_THUMB_IP-THUMB_TIP,DIST_THUMB_TIP-THUMB_TIP,DIST_INDEX_FINGER_MCP-THUMB_TIP,DIST_INDEX_FINGER_PIP-THUMB_TIP,DIST_INDEX_FINGER_DIP-THUMB_TIP,DIST_INDEX_FINGER_TIP-THUMB_TIP,DIST_MIDDLE_FINGER_MCP-THUMB_TIP,DIST_MIDDLE_FINGER_PIP-THUMB_TIP,DIST_MIDDLE_FINGER_DIP-THUMB_TIP,DIST_MIDDLE_FINGER_TIP-THUMB_TIP,DIST_RING_FINGER_MCP-THUMB_TIP,DIST_RING_FINGER_PIP-THUMB_TIP,DIST_RING_FINGER_DIP-THUMB_TIP,DIST_RING_FINGER_TIP-THUMB_TIP,DIST_PINKY_FINGER_MCP-THUMB_TIP,DIST_PINKY_FINGER_PIP-THUMB_TIP,DIST_PINKY_FINGER_DIP-THUMB_TIP,DIST_PINKY_FINGER_TIP-THUMB_TIP,DIST_WRIST-INDEX_FINGER_MCP,DIST_THUMB_CMC-INDEX_FINGER_MCP,DIST_THUMB_MCP-INDEX_FINGER_MCP,DIST_THUMB_IP-INDEX_FINGER_MCP,DIST_THUMB_TIP-INDEX_FINGER_MCP,DIST_INDEX_FINGER_MCP-INDEX_FINGER_MCP,DIST_INDEX_FINGER_PIP-INDEX_FINGER_MCP,DIST_INDEX_FINGER_DIP-INDEX_FINGER_MCP,DIST_INDEX_FINGER_TIP-INDEX_FINGER_MCP,DIST_MIDDLE_FINGER_MCP-INDEX_FINGER_MCP,DIST_MIDDLE_FINGER_PIP-INDEX_FINGER_MCP,DIST_MIDDLE_FINGER_DIP-INDEX_FINGER_MCP,DIST_MIDDLE_FINGER_TIP-INDEX_FINGER_MCP,DIST_RING_FINGER_MCP-INDEX_FINGER_MCP,DIST_RING_FINGER_PIP-INDEX_FINGER_MCP,DIST_RING_FINGER_DIP-INDEX_FINGER_MCP,DIST_RING_FINGER_TIP-INDEX_FINGER_MCP,DIST_PINKY_FINGER_MCP-INDEX_FINGER_MCP,DIST_PINKY_FINGER_PIP-INDEX_FINGER_MCP,DIST_PINKY_FINGER_DIP-INDEX_FINGER_MCP,DIST_PINKY_FINGER_TIP-INDEX_FINGER_MCP,DIST_WRIST-INDEX_FINGER_PIP,DIST_THUMB_CMC-INDEX_FINGER_PIP,DIST_THUMB_MCP-INDEX_FINGER_PIP,DIST_THUMB_IP-INDEX_FINGER_PIP,DIST_THUMB_TIP-INDEX_FINGER_PIP,DIST_INDEX_FINGER_MCP-INDEX_FINGER_PIP,DIST_INDEX_FINGER_PIP-INDEX_FINGER_PIP,DIST_INDEX_FINGER_DIP-INDEX_FINGER_PIP,DIST_INDEX_FINGER_TIP-INDEX_FINGER_PIP,DIST_MIDDLE_FINGER_MCP-INDEX_FINGER_PIP,DIST_MIDDLE_FINGER_PIP-INDEX_FINGER_PIP,DIST_MIDDLE_FINGER_DIP-INDEX_FINGER_PIP,DIST_MIDDLE_FINGER_TIP-INDEX_FINGER_PIP,DIST_RING_FINGER_MCP-INDEX_FINGER_PIP,DIST_RING_FINGER_PIP-INDEX_FINGER_PIP,DIST_RING_FINGER_DIP-INDEX_FINGER_PIP,DIST_RING_FINGER_TIP-INDEX_FINGER_PIP,DIST_PINKY_FINGER_MCP-INDEX_FINGER_PIP,DIST_PINKY_FINGER_PIP-INDEX_FINGER_PIP,DIST_PINKY_FINGER_DIP-INDEX_FINGER_PIP,DIST_PINKY_FINGER_TIP-INDEX_FINGER_PIP,DIST_WRIST-INDEX_FINGER_DIP,DIST_THUMB_CMC-INDEX_FINGER_DIP,DIST_THUMB_MCP-INDEX_FINGER_DIP,DIST_THUMB_IP-INDEX_FINGER_DIP,DIST_THUMB_TIP-INDEX_FINGER_DIP,DIST_INDEX_FINGER_MCP-INDEX_FINGER_DIP,DIST_INDEX_FINGER_PIP-INDEX_FINGER_DIP,DIST_INDEX_FINGER_DIP-INDEX_FINGER_DIP,DIST_INDEX_FINGER_TIP-INDEX_FINGER_DIP,DIST_MIDDLE_FINGER_MCP-INDEX_FINGER_DIP,DIST_MIDDLE_FINGER_PIP-INDEX_FINGER_DIP,DIST_MIDDLE_FINGER_DIP-INDEX_FINGER_DIP,DIST_MIDDLE_FINGER_TIP-INDEX_FINGER_DIP,DIST_RING_FINGER_MCP-INDEX_FINGER_DIP,DIST_RING_FINGER_PIP-INDEX_FINGER_DIP,DIST_RING_FINGER_DIP-INDEX_FINGER_DIP,DIST_RING_FINGER_TIP-INDEX_FINGER_DIP,DIST_PINKY_FINGER_MCP-INDEX_FINGER_DIP,DIST_PINKY_FINGER_PIP-INDEX_FINGER_DIP,DIST_PINKY_FINGER_DIP-INDEX_FINGER_DIP,DIST_PINKY_FINGER_TIP-INDEX_FINGER_DIP,DIST_WRIST-INDEX_FINGER_TIP,DIST_THUMB_CMC-INDEX_FINGER_TIP,DIST_THUMB_MCP-INDEX_FINGER_TIP,DIST_THUMB_IP-INDEX_FINGER_TIP,DIST_THUMB_TIP-INDEX_FINGER_TIP,DIST_INDEX_FINGER_MCP-INDEX_FINGER_TIP,DIST_INDEX_FINGER_PIP-INDEX_FINGER_TIP,DIST_INDEX_FINGER_DIP-INDEX_FINGER_TIP,DIST_INDEX_FINGER_TIP-INDEX_FINGER_TIP,DIST_MIDDLE_FINGER_MCP-INDEX_FINGER_TIP,DIST_MIDDLE_FINGER_PIP-INDEX_FINGER_TIP,DIST_MIDDLE_FINGER_DIP-INDEX_FINGER_TIP,DIST_MIDDLE_FINGER_TIP-INDEX_FINGER_TIP,DIST_RING_FINGER_MCP-INDEX_FINGER_TIP,DIST_RING_FINGER_PIP-INDEX_FINGER_TIP,DIST_RING_FINGER_DIP-INDEX_FINGER_TIP,DIST_RING_FINGER_TIP-INDEX_FINGER_TIP,DIST_PINKY_FINGER_MCP-INDEX_FINGER_TIP,DIST_PINKY_FINGER_PIP-INDEX_FINGER_TIP,DIST_PINKY_FINGER_DIP-INDEX_FINGER_TIP,DIST_PINKY_FINGER_TIP-INDEX_FINGER_TIP,DIST_WRIST-MIDDLE_FINGER_MCP,DIST_THUMB_CMC-MIDDLE_FINGER_MCP,DIST_THUMB_MCP-MIDDLE_FINGER_MCP,DIST_THUMB_IP-MIDDLE_FINGER_MCP,DIST_THUMB_TIP-MIDDLE_FINGER_MCP,DIST_INDEX_FINGER_MCP-MIDDLE_FINGER_MCP,DIST_INDEX_FINGER_PIP-MIDDLE_FINGER_MCP,DIST_INDEX_FINGER_DIP-MIDDLE_FINGER_MCP,DIST_INDEX_FINGER_TIP-MIDDLE_FINGER_MCP,DIST_MIDDLE_FINGER_MCP-MIDDLE_FINGER_MCP,DIST_MIDDLE_FINGER_PIP-MIDDLE_FINGER_MCP,DIST_MIDDLE_FINGER_DIP-MIDDLE_FINGER_MCP,DIST_MIDDLE_FINGER_TIP-MIDDLE_FINGER_MCP,DIST_RING_FINGER_MCP-MIDDLE_FINGER_MCP,DIST_RING_FINGER_PIP-MIDDLE_FINGER_MCP,DIST_RING_FINGER_DIP-MIDDLE_FINGER_MCP,DIST_RING_FINGER_TIP-MIDDLE_FINGER_MCP,DIST_PINKY_FINGER_MCP-MIDDLE_FINGER_MCP,DIST_PINKY_FINGER_PIP-MIDDLE_FINGER_MCP,DIST_PINKY_FINGER_DIP-MIDDLE_FINGER_MCP,DIST_PINKY_FINGER_TIP-MIDDLE_FINGER_MCP,DIST_WRIST-MIDDLE_FINGER_PIP,DIST_THUMB_CMC-MIDDLE_FINGER_PIP,DIST_THUMB_MCP-MIDDLE_FINGER_PIP,DIST_THUMB_IP-MIDDLE_FINGER_PIP,DIST_THUMB_TIP-MIDDLE_FINGER_PIP,DIST_INDEX_FINGER_MCP-MIDDLE_FINGER_PIP,DIST_INDEX_FINGER_PIP-MIDDLE_FINGER_PIP,DIST_INDEX_FINGER_DIP-MIDDLE_FINGER_PIP,DIST_INDEX_FINGER_TIP-MIDDLE_FINGER_PIP,DIST_MIDDLE_FINGER_MCP-MIDDLE_FINGER_PIP,DIST_MIDDLE_FINGER_PIP-MIDDLE_FINGER_PIP,DIST_MIDDLE_FINGER_DIP-MIDDLE_FINGER_PIP,DIST_MIDDLE_FINGER_TIP-MIDDLE_FINGER_PIP,DIST_RING_FINGER_MCP-MIDDLE_FINGER_PIP,DIST_RING_FINGER_PIP-MIDDLE_FINGER_PIP,DIST_RING_FINGER_DIP-MIDDLE_FINGER_PIP,DIST_RING_FINGER_TIP-MIDDLE_FINGER_PIP,DIST_PINKY_FINGER_MCP-MIDDLE_FINGER_PIP,DIST_PINKY_FINGER_PIP-MIDDLE_FINGER_PIP,DIST_PINKY_FINGER_DIP-MIDDLE_FINGER_PIP,DIST_PINKY_FINGER_TIP-MIDDLE_FINGER_PIP,DIST_WRIST-MIDDLE_FINGER_DIP,DIST_THUMB_CMC-MIDDLE_FINGER_DIP,DIST_THUMB_MCP-MIDDLE_FINGER_DIP,DIST_THUMB_IP-MIDDLE_FINGER_DIP,DIST_THUMB_TIP-MIDDLE_FINGER_DIP,DIST_INDEX_FINGER_MCP-MIDDLE_FINGER_DIP,DIST_INDEX_FINGER_PIP-MIDDLE_FINGER_DIP,DIST_INDEX_FINGER_DIP-MIDDLE_FINGER_DIP,DIST_INDEX_FINGER_TIP-MIDDLE_FINGER_DIP,DIST_MIDDLE_FINGER_MCP-MIDDLE_FINGER_DIP,DIST_MIDDLE_FINGER_PIP-MIDDLE_FINGER_DIP,DIST_MIDDLE_FINGER_DIP-MIDDLE_FINGER_DIP,DIST_MIDDLE_FINGER_TIP-MIDDLE_FINGER_DIP,DIST_RING_FINGER_MCP-MIDDLE_FINGER_DIP,DIST_RING_FINGER_PIP-MIDDLE_FINGER_DIP,DIST_RING_FINGER_DIP-MIDDLE_FINGER_DIP,DIST_RING_FINGER_TIP-MIDDLE_FINGER_DIP,DIST_PINKY_FINGER_MCP-MIDDLE_FINGER_DIP,DIST_PINKY_FINGER_PIP-MIDDLE_FINGER_DIP,DIST_PINKY_FINGER_DIP-MIDDLE_FINGER_DIP,DIST_PINKY_FINGER_TIP-MIDDLE_FINGER_DIP,DIST_WRIST-MIDDLE_FINGER_TIP,DIST_THUMB_CMC-MIDDLE_FINGER_TIP,DIST_THUMB_MCP-MIDDLE_FINGER_TIP,DIST_THUMB_IP-MIDDLE_FINGER_TIP,DIST_THUMB_TIP-MIDDLE_FINGER_TIP,DIST_INDEX_FINGER_MCP-MIDDLE_FINGER_TIP,DIST_INDEX_FINGER_PIP-MIDDLE_FINGER_TIP,DIST_INDEX_FINGER_DIP-MIDDLE_FINGER_TIP,DIST_INDEX_FINGER_TIP-MIDDLE_FINGER_TIP,DIST_MIDDLE_FINGER_MCP-MIDDLE_FINGER_TIP,DIST_MIDDLE_FINGER_PIP-MIDDLE_FINGER_TIP,DIST_MIDDLE_FINGER_DIP-MIDDLE_FINGER_TIP,DIST_MIDDLE_FINGER_TIP-MIDDLE_FINGER_TIP,DIST_RING_FINGER_MCP-MIDDLE_FINGER_TIP,DIST_RING_FINGER_PIP-MIDDLE_FINGER_TIP,DIST_RING_FINGER_DIP-MIDDLE_FINGER_TIP,DIST_RING_FINGER_TIP-MIDDLE_FINGER_TIP,DIST_PINKY_FINGER_MCP-MIDDLE_FINGER_TIP,DIST_PINKY_FINGER_PIP-MIDDLE_FINGER_TIP,DIST_PINKY_FINGER_DIP-MIDDLE_FINGER_TIP,DIST_PINKY_FINGER_TIP-MIDDLE_FINGER_TIP,DIST_WRIST-RING_FINGER_MCP,DIST_THUMB_CMC-RING_FINGER_MCP,DIST_THUMB_MCP-RING_FINGER_MCP,DIST_THUMB_IP-RING_FINGER_MCP,DIST_THUMB_TIP-RING_FINGER_MCP,DIST_INDEX_FINGER_MCP-RING_FINGER_MCP,DIST_INDEX_FINGER_PIP-RING_FINGER_MCP,DIST_INDEX_FINGER_DIP-RING_FINGER_MCP,DIST_INDEX_FINGER_TIP-RING_FINGER_MCP,DIST_MIDDLE_FINGER_MCP-RING_FINGER_MCP,DIST_MIDDLE_FINGER_PIP-RING_FINGER_MCP,DIST_MIDDLE_FINGER_DIP-RING_FINGER_MCP,DIST_MIDDLE_FINGER_TIP-RING_FINGER_MCP,DIST_RING_FINGER_MCP-RING_FINGER_MCP,DIST_RING_FINGER_PIP-RING_FINGER_MCP,DIST_RING_FINGER_DIP-RING_FINGER_MCP,DIST_RING_FINGER_TIP-RING_FINGER_MCP,DIST_PINKY_FINGER_MCP-RING_FINGER_MCP,DIST_PINKY_FINGER_PIP-RING_FINGER_MCP,DIST_PINKY_FINGER_DIP-RING_FINGER_MCP,DIST_PINKY_FINGER_TIP-RING_FINGER_MCP,DIST_WRIST-RING_FINGER_PIP,DIST_THUMB_CMC-RING_FINGER_PIP,DIST_THUMB_MCP-RING_FINGER_PIP,DIST_THUMB_IP-RING_FINGER_PIP,DIST_THUMB_TIP-RING_FINGER_PIP,DIST_INDEX_FINGER_MCP-RING_FINGER_PIP,DIST_INDEX_FINGER_PIP-RING_FINGER_PIP,DIST_INDEX_FINGER_DIP-RING_FINGER_PIP,DIST_INDEX_FINGER_TIP-RING_FINGER_PIP,DIST_MIDDLE_FINGER_MCP-RING_FINGER_PIP,DIST_MIDDLE_FINGER_PIP-RING_FINGER_PIP,DIST_MIDDLE_FINGER_DIP-RING_FINGER_PIP,DIST_MIDDLE_FINGER_TIP-RING_FINGER_PIP,DIST_RING_FINGER_MCP-RING_FINGER_PIP,DIST_RING_FINGER_PIP-RING_FINGER_PIP,DIST_RING_FINGER_DIP-RING_FINGER_PIP,DIST_RING_FINGER_TIP-RING_FINGER_PIP,DIST_PINKY_FINGER_MCP-RING_FINGER_PIP,DIST_PINKY_FINGER_PIP-RING_FINGER_PIP,DIST_PINKY_FINGER_DIP-RING_FINGER_PIP,DIST_PINKY_FINGER_TIP-RING_FINGER_PIP,DIST_WRIST-RING_FINGER_DIP,DIST_THUMB_CMC-RING_FINGER_DIP,DIST_THUMB_MCP-RING_FINGER_DIP,DIST_THUMB_IP-RING_FINGER_DIP,DIST_THUMB_TIP-RING_FINGER_DIP,DIST_INDEX_FINGER_MCP-RING_FINGER_DIP,DIST_INDEX_FINGER_PIP-RING_FINGER_DIP,DIST_INDEX_FINGER_DIP-RING_FINGER_DIP,DIST_INDEX_FINGER_TIP-RING_FINGER_DIP,DIST_MIDDLE_FINGER_MCP-RING_FINGER_DIP,DIST_MIDDLE_FINGER_PIP-RING_FINGER_DIP,DIST_MIDDLE_FINGER_DIP-RING_FINGER_DIP,DIST_MIDDLE_FINGER_TIP-RING_FINGER_DIP,DIST_RING_FINGER_MCP-RING_FINGER_DIP,DIST_RING_FINGER_PIP-RING_FINGER_DIP,DIST_RING_FINGER_DIP-RING_FINGER_DIP,DIST_RING_FINGER_TIP-RING_FINGER_DIP,DIST_PINKY_FINGER_MCP-RING_FINGER_DIP,DIST_PINKY_FINGER_PIP-RING_FINGER_DIP,DIST_PINKY_FINGER_DIP-RING_FINGER_DIP,DIST_PINKY_FINGER_TIP-RING_FINGER_DIP,DIST_WRIST-RING_FINGER_TIP,DIST_THUMB_CMC-RING_FINGER_TIP,DIST_THUMB_MCP-RING_FINGER_TIP,DIST_THUMB_IP-RING_FINGER_TIP,DIST_THUMB_TIP-RING_FINGER_TIP,DIST_INDEX_FINGER_MCP-RING_FINGER_TIP,DIST_INDEX_FINGER_PIP-RING_FINGER_TIP,DIST_INDEX_FINGER_DIP-RING_FINGER_TIP,DIST_INDEX_FINGER_TIP-RING_FINGER_TIP,DIST_MIDDLE_FINGER_MCP-RING_FINGER_TIP,DIST_MIDDLE_FINGER_PIP-RING_FINGER_TIP,DIST_MIDDLE_FINGER_DIP-RING_FINGER_TIP,DIST_MIDDLE_FINGER_TIP-RING_FINGER_TIP,DIST_RING_FINGER_MCP-RING_FINGER_TIP,DIST_RING_FINGER_PIP-RING_FINGER_TIP,DIST_RING_FINGER_DIP-RING_FINGER_TIP,DIST_RING_FINGER_TIP-RING_FINGER_TIP,DIST_PINKY_FINGER_MCP-RING_FINGER_TIP,DIST_PINKY_FINGER_PIP-RING_FINGER_TIP,DIST_PINKY_FINGER_DIP-RING_FINGER_TIP,DIST_PINKY_FINGER_TIP-RING_FINGER_TIP,DIST_WRIST-PINKY_FINGER_MCP,DIST_THUMB_CMC-PINKY_FINGER_MCP,DIST_THUMB_MCP-PINKY_FINGER_MCP,DIST_THUMB_IP-PINKY_FINGER_MCP,DIST_THUMB_TIP-PINKY_FINGER_MCP,DIST_INDEX_FINGER_MCP-PINKY_FINGER_MCP,DIST_INDEX_FINGER_PIP-PINKY_FINGER_MCP,DIST_INDEX_FINGER_DIP-PINKY_FINGER_MCP,DIST_INDEX_FINGER_TIP-PINKY_FINGER_MCP,DIST_MIDDLE_FINGER_MCP-PINKY_FINGER_MCP,DIST_MIDDLE_FINGER_PIP-PINKY_FINGER_MCP,DIST_MIDDLE_FINGER_DIP-PINKY_FINGER_MCP,DIST_MIDDLE_FINGER_TIP-PINKY_FINGER_MCP,DIST_RING_FINGER_MCP-PINKY_FINGER_MCP,DIST_RING_FINGER_PIP-PINKY_FINGER_MCP,DIST_RING_FINGER_DIP-PINKY_FINGER_MCP,DIST_RING_FINGER_TIP-PINKY_FINGER_MCP,DIST_PINKY_FINGER_MCP-PINKY_FINGER_MCP,DIST_PINKY_FINGER_PIP-PINKY_FINGER_MCP,DIST_PINKY_FINGER_DIP-PINKY_FINGER_MCP,DIST_PINKY_FINGER_TIP-PINKY_FINGER_MCP,DIST_WRIST-PINKY_FINGER_PIP,DIST_THUMB_CMC-PINKY_FINGER_PIP,DIST_THUMB_MCP-PINKY_FINGER_PIP,DIST_THUMB_IP-PINKY_FINGER_PIP,DIST_THUMB_TIP-PINKY_FINGER_PIP,DIST_INDEX_FINGER_MCP-PINKY_FINGER_PIP,DIST_INDEX_FINGER_PIP-PINKY_FINGER_PIP,DIST_INDEX_FINGER_DIP-PINKY_FINGER_PIP,DIST_INDEX_FINGER_TIP-PINKY_FINGER_PIP,DIST_MIDDLE_FINGER_MCP-PINKY_FINGER_PIP,DIST_MIDDLE_FINGER_PIP-PINKY_FINGER_PIP,DIST_MIDDLE_FINGER_DIP-PINKY_FINGER_PIP,DIST_MIDDLE_FINGER_TIP-PINKY_FINGER_PIP,DIST_RING_FINGER_MCP-PINKY_FINGER_PIP,DIST_RING_FINGER_PIP-PINKY_FINGER_PIP,DIST_RING_FINGER_DIP-PINKY_FINGER_PIP,DIST_RING_FINGER_TIP-PINKY_FINGER_PIP,DIST_PINKY_FINGER_MCP-PINKY_FINGER_PIP,DIST_PINKY_FINGER_PIP-PINKY_FINGER_PIP,DIST_PINKY_FINGER_DIP-PINKY_FINGER_PIP,DIST_PINKY_FINGER_TIP-PINKY_FINGER_PIP,DIST_WRIST-PINKY_FINGER_DIP,DIST_THUMB_CMC-PINKY_FINGER_DIP,DIST_THUMB_MCP-PINKY_FINGER_DIP,DIST_THUMB_IP-PINKY_FINGER_DIP,DIST_THUMB_TIP-PINKY_FINGER_DIP,DIST_INDEX_FINGER_MCP-PINKY_FINGER_DIP,DIST_INDEX_FINGER_PIP-PINKY_FINGER_DIP,DIST_INDEX_FINGER_DIP-PINKY_FINGER_DIP,DIST_INDEX_FINGER_TIP-PINKY_FINGER_DIP,DIST_MIDDLE_FINGER_MCP-PINKY_FINGER_DIP,DIST_MIDDLE_FINGER_PIP-PINKY_FINGER_DIP,DIST_MIDDLE_FINGER_DIP-PINKY_FINGER_DIP,DIST_MIDDLE_FINGER_TIP-PINKY_FINGER_DIP,DIST_RING_FINGER_MCP-PINKY_FINGER_DIP,DIST_RING_FINGER_PIP-PINKY_FINGER_DIP,DIST_RING_FINGER_DIP-PINKY_FINGER_DIP,DIST_RING_FINGER_TIP-PINKY_FINGER_DIP,DIST_PINKY_FINGER_MCP-PINKY_FINGER_DIP,DIST_PINKY_FINGER_PIP-PINKY_FINGER_DIP,DIST_PINKY_FINGER_DIP-PINKY_FINGER_DIP,DIST_PINKY_FINGER_TIP-PINKY_FINGER_DIP,DIST_WRIST-PINKY_FINGER_TIP,DIST_THUMB_CMC-PINKY_FINGER_TIP,DIST_THUMB_MCP-PINKY_FINGER_TIP,DIST_THUMB_IP-PINKY_FINGER_TIP,DIST_THUMB_TIP-PINKY_FINGER_TIP,DIST_INDEX_FINGER_MCP-PINKY_FINGER_TIP,DIST_INDEX_FINGER_PIP-PINKY_FINGER_TIP,DIST_INDEX_FINGER_DIP-PINKY_FINGER_TIP,DIST_INDEX_FINGER_TIP-PINKY_FINGER_TIP,DIST_MIDDLE_FINGER_MCP-PINKY_FINGER_TIP,DIST_MIDDLE_FINGER_PIP-PINKY_FINGER_TIP,DIST_MIDDLE_FINGER_DIP-PINKY_FINGER_TIP,DIST_MIDDLE_FINGER_TIP-PINKY_FINGER_TIP,DIST_RING_FINGER_MCP-PINKY_FINGER_TIP,DIST_RING_FINGER_PIP-PINKY_FINGER_TIP,DIST_RING_FINGER_DIP-PINKY_FINGER_TIP,DIST_RING_FINGER_TIP-PINKY_FINGER_TIP,DIST_PINKY_FINGER_MCP-PINKY_FINGER_TIP,DIST_PINKY_FINGER_PIP-PINKY_FINGER_TIP,DIST_PINKY_FINGER_DIP-PINKY_FINGER_TIP,DIST_PINKY_FINGER_TIP-PINKY_FINGER_TIP
MF,0.0,0.03275930339527229,0.051400791803773764,0.08782534860204334,0.11905841740850348,0.09472613506789612,0.11841317404464052,0.11388621540493375,0.10794428194522507,0.08607806921425129,0.12594255985097713,0.14306354522162085,0.16428002870284025,0.08184982200688468,0.10436211095152982,0.10480145934940036,0.10630576219062271,0.0672469052150731,0.08561462272803698,0.09722668412842117,0.09279042446601868,0.03275930339527229,0.0,0.021491933953287034,0.05680199637893951,0.08676367449726805,0.0692176948434494,0.09445454286617709,0.09241676696788803,0.08823260058378227,0.06368801127472841,0.10483607253658311,0.12099660511505617,0.14461148288721487,0.06296183203766069,0.08616515990996856,0.08895275854195653,0.09550904556335761,0.05294392731300511,0.07175946100107007,0.08605603329965687,0.082609266653252,0.051400791803773764,0.021491933953287034,0.0,0.036425269147096005,0.06861624492582259,0.051684513643271104,0.07685280071378625,0.07466209292463494,0.07023531666209971,0.049707913112560495,0.08942463138338808,0.1036886522001429,0.12650888502306454,0.05212064103556419,0.07201391716727724,0.07337984175878169,0.08103713195986997,0.04699512276748958,0.06080999018706088,0.07294443106119311,0.06932928299554678,0.08782534860204334,0.05680199637893951,0.036425269147096005,0.0,0.034651617457247215,0.03777287283229123,0.058195316036660144,0.059694910493720575,0.05827863579319338,0.04686885763753942,0.07527125510554418,0.08431754898344443,0.10708986571787676,0.055885913950394224,0.0661753558261875,0.06817054121808543,0.08021231715309911,0.06161114422113543,0.06600241632497358,0.07497828129276253,0.07301815543581372,0.11905841740850348,0.08676367449726805,0.06861624492582259,0.034651617457247215,0.0,0.05101643892907001,0.060409962064625,0.0689553292279701,0.07365632265254679,0.063471006918693,0.07701094594589074,0.08158027459333692,0.10620472656616205,0.07400411385949743,0.07886368908925918,0.08605401938896035,0.10331637488978446,0.08459363122655107,0.08680038537203279,0.09753986534513481,0.09885348922254368,0.09472613506789612,0.0692176948434494,0.051684513643271104,0.03777287283229123,0.05101643892907001,0.0,0.025521504510826343,0.02860036238366626,0.034134963511076276,0.01532904223933874,0.039217809707813044,0.05279199326377428,0.07963795015701092,0.02629505865078671,0.029792944576858188,0.04093465248380564,0.06503793277889126,0.040045825419229394,0.03616300636972697,0.05169445108604733,0.058112123639715185,0.11841317404464052,0.09445454286617709,0.07685280071378625,0.058195316036660144,0.060409962064625,0.025521504510826343,0.0,0.01623548434055797,0.03102002242324606,0.033921465530728515,0.01879995866348354,0.027450730000672264,0.05642431221677623,0.04158000796888444,0.025887472653404176,0.03860373220626984,0.06651565006823468,0.05771479666087192,0.044618069735311225,0.05412376281101303,0.06417214566483524,0.11388621540493375,0.09241676696788803,0.07466209292463494,0.059694910493720575,0.0689553292279701,0.02860036238366626,0.01623548434055797,0.0,0.01562993549277479,0.03517809049180498,0.025967917488665185,0.031910387371269465,0.052506253344154326,0.04130170072726603,0.021081490842062612,0.023237650779643144,0.05048383915232108,0.05529789510661178,0.037203487976655174,0.03930559631709381,0.04908963694169561,0.10794428194522507,0.08823260058378227,0.07023531666209971,0.05827863579319338,0.07365632265254679,0.034134963511076276,0.03102002242324606,0.01562993549277479,0.0,0.039920913294684925,0.040903052193656614,0.04511411446418297,0.05795510254960446,0.045169264886275255,0.028817191373741755,0.014754744034492666,0.0359288780496931,0.055771308245344514,0.03652369747506216,0.02878753368572121,0.03510598127672577,0.08607806921425129,0.06368801127472841,0.049707913112560495,0.04686885763753942,0.063471006918693,0.01532904223933874,0.033921465530728515,0.03517809049180498,0.039920913294684925,0.0,0.04123883636394728,0.05884443605664919,0.08607817036505391,0.011097459392397537,0.02599788843887116,0.04129038018587354,0.06614596312697524,0.025655941684695163,0.02590343584462498,0.04887856083002729,0.057074384785556764,0.12594255985097713,0.10483607253658311,0.08942463138338808,0.07527125510554418,0.07701094594589074,0.039217809707813044,0.01879995866348354,0.025967917488665185,0.040903052193656614,0.04123883636394728,0.0,0.02106790863575017,0.05211434084242709,0.04481014698973539,0.024375889355913855,0.042582166690811045,0.07250772331667805,0.06054177433978571,0.04548723318144842,0.057049395080164295,0.07052261284966145,0.14306354522162085,0.12099660511505617,0.1036886522001429,0.08431754898344443,0.08158027459333692,0.05279199326377428,0.027450730000672264,0.031910387371269465,0.04511411446418297,0.05884443605664919,0.02106790863575017,0.0,0.03379208718633693,0.06390150481269209,0.040816972266826394,0.049532823345607435,0.07537887534885289,0.07956271022630976,0.06192017445939923,0.06514450408003286,0.07717667763535635,0.16428002870284025,0.14461148288721487,0.12650888502306454,0.10708986571787676,0.10620472656616205,0.07963795015701092,0.05642431221677623,0.052506253344154326,0.05795510254960446,0.08607817036505391,0.05211434084242709,0.03379208718633693,0.0,0.0903796154017156,0.06435648902538572,0.06062764520326797,0.0755714269942435,0.10414954654544671,0.08213863922203953,0.07320367326725281,0.08293203136215503,0.08184982200688468,0.06296183203766069,0.05212064103556419,0.055885913950394224,0.07400411385949743,0.02629505865078671,0.04158000796888444,0.04130170072726603,0.045169264886275255,0.011097459392397537,0.04481014698973539,0.06390150481269209,0.0903796154017156,0.0,0.026671720678474297,0.04286517719831184,0.06718399054775528,0.016633692123571468,0.02029745528947991,0.04769288456973379,0.05706148062992771,0.10436211095152982,0.08616515990996856,0.07201391716727724,0.0661753558261875,0.07886368908925918,0.029792944576858188,0.025887472653404176,0.021081490842062612,0.028817191373741755,0.02599788843887116,0.024375889355913855,0.040816972266826394,0.06435648902538572,0.026671720678474297,0.0,0.025212473482782424,0.05539137731171371,0.040133571389363874,0.021396794059768316,0.03645870359215313,0.05014821183283332,0.10480145934940036,0.08895275854195653,0.07337984175878169,0.06817054121808543,0.08605401938896035,0.04093465248380564,0.03860373220626984,0.023237650779643144,0.014754744034492666,0.04129038018587354,0.042582166690811045,0.049532823345607435,0.06062764520326797,0.04286517719831184,0.025212473482782424,0.0,0.03061176693755608,0.05115620700701048,0.02831835419156965,0.016368223301517226,0.028341935077763336,0.10630576219062271,0.09550904556335761,0.08103713195986997,0.08021231715309911,0.10331637488978446,0.06503793277889126,0.06651565006823468,0.05048383915232108,0.0359288780496931,0.06614596312697524,0.07250772331667805,0.07537887534885289,0.0755714269942435,0.06718399054775528,0.05539137731171371,0.03061176693755608,0.0,0.07003253904171294,0.05079083202170188,0.022616080081183168,0.013966413644761866,0.0672469052150731,0.05294392731300511,0.04699512276748958,0.06161114422113543,0.08459363122655107,0.040045825419229394,0.05771479666087192,0.05529789510661178,0.055771308245344514,0.025655941684695163,0.06054177433978571,0.07956271022630976,0.10414954654544671,0.016633692123571468,0.040133571389363874,0.05115620700701048,0.07003253904171294,0.0,0.024630720103859485,0.05073697328574213,0.05782548155420065,0.08561462272803698,0.07175946100107007,0.06080999018706088,0.06600241632497358,0.08680038537203279,0.03616300636972697,0.044618069735311225,0.037203487976655174,0.03652369747506216,0.02590343584462498,0.04548723318144842,0.06192017445939923,0.08213863922203953,0.02029745528947991,0.021396794059768316,0.02831835419156965,0.05079083202170188,0.024630720103859485,0.0,0.029303341874011568,0.041043152665896886,0.09722668412842117,0.08605603329965687,0.07294443106119311,0.07497828129276253,0.09753986534513481,0.05169445108604733,0.05412376281101303,0.03930559631709381,0.02878753368572121,0.04887856083002729,0.057049395080164295,0.06514450408003286,0.07320367326725281,0.04769288456973379,0.03645870359215313,0.016368223301517226,0.022616080081183168,0.05073697328574213,0.029303341874011568,0.0,0.016611959943793556,0.09279042446601868,0.082609266653252,0.06932928299554678,0.07301815543581372,0.09885348922254368,0.058112123639715185,0.06417214566483524,0.04908963694169561,0.03510598127672577,0.057074384785556764,0.07052261284966145,0.07717667763535635,0.08293203136215503,0.05706148062992771,0.05014821183283332,0.028341935077763336,0.013966413644761866,0.05782548155420065,0.041043152665896886,0.016611959943793556,0.0
MF,0.0,0.04399623995322381,0.07426566036025548,0.11324265208795894,0.1434393395094388,0.11352129834256248,0.13193146317574148,0.11910601100520192,0.09524375504971232,0.10518683172313201,0.1346873702587313,0.1423037482484231,0.15752134502333043,0.10029006458305893,0.11212430260856246,0.09853990206343625,0.08466440852401821,0.08609656792031849,0.09847521941490539,0.09290102053203868,0.07771094658348907,0.04399623995322381,0.0,0.030702726848988084,0.06927416509375489,0.09944850340005112,0.07537203317683011,0.09522968295468907,0.08311869681193619,0.05984804590494271,0.073475539663127,0.10280183464731019,0.11013191120629734,0.12849354991256268,0.07684686656789079,0.0855439816535694,0.07423263667121721,0.06577018536291669,0.07180523552619823,0.07985461853188472,0.07647878899176648,0.06515787805506527,0.07426566036025548,0.030702726848988084,0.0,0.039432314928355146,0.06995440428232734,0.053240778106015796,0.07229274370791221,0.06047400818114719,0.03984039788440808,0.059814015542218046,0.0835787163621629,0.08886121281896243,0.1083939281635615,0.07069704683337973,0.07282519641629961,0.06424660481089861,0.0617941415330966,0.07394468886190626,0.07539251870550705,0.07305881850305385,0.06709125689047594,0.11324265208795894,0.06927416509375489,0.039432314928355146,0.0,0.030555094063995675,0.04470918504739848,0.05904959027900476,0.05450076846538305,0.05014478945655587,0.06398939415294405,0.0778021080516416,0.08168214268164392,0.1031145948540017,0.08309820184168751,0.08036179225142727,0.07947940240333182,0.08539526534855184,0.09547012893568953,0.09249077799109882,0.09404233869339064,0.09412222917176301,0.1434393395094388,0.09944850340005112,0.06995440428232734,0.030555094063995675,0.0,0.06012611293862588,0.06692939326059213,0.06909581695265815,0.07426487761447079,0.0824001637624791,0.08802645927948315,0.0903844848902796,0.11077472455103801,0.10354378878843461,0.09875116939052346,0.10191843085940336,0.11100416110350046,0.11950116992296407,0.114780065576454,0.11811789460098025,0.12074774408162901,0.11352129834256248,0.07537203317683011,0.053240778106015796,0.04470918504739848,0.06012611293862588,0.0,0.023193542602660766,0.027143501712652472,0.03780871888213413,0.02273212857078729,0.0411577784841426,0.05813655843181234,0.08977037028148967,0.04390092841590404,0.04531352757691107,0.05585790457462626,0.07310161174561908,0.06229056773213838,0.059602697941301915,0.07174716282689746,0.07703582266257257,0.13193146317574148,0.09522968295468907,0.07229274370791221,0.05904959027900476,0.06692939326059213,0.023193542602660766,0.0,0.020896859580223446,0.04553735418215033,0.034293763317732776,0.02333913239039076,0.04112402797921835,0.07484599874789036,0.05039255015344723,0.04070818200829881,0.05624395803063746,0.07758430894141029,0.07016903879083783,0.06073794003560328,0.07320653115044061,0.0827817627875106,0.11910601100520192,0.08311869681193619,0.06047400818114719,0.05450076846538305,0.06909581695265815,0.027143501712652472,0.020896859580223446,0.0,0.02685737164318288,0.03633263870312315,0.02542041363132575,0.03249021140693649,0.06285881920656737,0.048846783823946374,0.030888658087588824,0.03894178971205351,0.05821920914948707,0.06366741149492751,0.05028632626419958,0.05652321561805055,0.06547222516260005,0.09524375504971232,0.05984804590494271,0.03984039788440808,0.05014478945655587,0.07426487761447079,0.03780871888213413,0.04553735418215033,0.02685737164318288,0.0,0.042545556015379044,0.04863678209449529,0.05053553885737955,0.07163279216997581,0.050861659243582005,0.037634114363642016,0.029603672652991245,0.03841331924808846,0.05742364556959931,0.0466573149491873,0.04419983607126918,0.0470464685289432,0.10518683172313201,0.073475539663127,0.059814015542218046,0.06398939415294405,0.0824001637624791,0.02273212857078729,0.034293763317732776,0.03633263870312315,0.042545556015379044,0.0,0.04112323370952432,0.06337571820056256,0.09560590109420038,0.021896819252807155,0.035830631797351735,0.049504657685606836,0.06838610446474538,0.04186118306089048,0.04413147016128693,0.062277319605067404,0.06763977581281086,0.1346873702587313,0.10280183464731019,0.0835787163621629,0.0778021080516416,0.08802645927948315,0.0411577784841426,0.02333913239039076,0.02542041363132575,0.04863678209449529,0.04112323370952432,0.0,0.027626499777541443,0.06188844136828703,0.04712404169154873,0.026931058108200626,0.04601716090445748,0.07013719765414494,0.0638636093771589,0.04842759457437703,0.06123248110839883,0.07417843554360483,0.1423037482484231,0.11013191120629734,0.08886121281896243,0.08168214268164392,0.0903844848902796,0.05813655843181234,0.04112402797921835,0.03249021140693649,0.05053553885737955,0.06337571820056256,0.027626499777541443,0.0,0.034750857595687405,0.06894621197580586,0.03992639223581801,0.047083368617638524,0.06629309439932182,0.08089173595319611,0.059854474317282504,0.061390389663576274,0.07497417294715741,0.15752134502333043,0.12849354991256268,0.1083939281635615,0.1031145948540017,0.11077472455103801,0.08977037028148967,0.07484599874789036,0.06285881920656737,0.07163279216997581,0.09560590109420038,0.06188844136828703,0.034750857595687405,0.0,0.09880283324732136,0.06734978160993554,0.06465410386376394,0.07451265719447238,0.10583826985760357,0.08193673285390765,0.07334819007582691,0.0859248773687571,0.10029006458305893,0.07684686656789079,0.07069704683337973,0.08309820184168751,0.10354378878843461,0.04390092841590404,0.05039255015344723,0.048846783823946374,0.050861659243582005,0.021896819252807155,0.04712404169154873,0.06894621197580586,0.09880283324732136,0.0,0.03173985767164027,0.0451471090663958,0.0637861210068023,0.02245807663565273,0.02954904035378895,0.05272910958377909,0.05842962948525969,0.11212430260856246,0.0855439816535694,0.07282519641629961,0.08036179225142727,0.09875116939052346,0.04531352757691107,0.04070818200829881,0.030888658087588824,0.037634114363642016,0.035830631797351735,0.026931058108200626,0.03992639223581801,0.06734978160993554,0.03173985767164027,0.0,0.023283777815123443,0.04808393624568103,0.04105020794848687,0.02209964695150935,0.03629479048575358,0.04881930695977419,0.09853990206343625,0.07423263667121721,0.06424660481089861,0.07947940240333182,0.10191843085940336,0.05585790457462626,0.05624395803063746,0.03894178971205351,0.029603672652991245,0.049504657685606836,0.04601716090445748,0.047083368617638524,0.06465410386376394,0.0451471090663958,0.023283777815123443,0.0,0.024979255467094497,0.04478424880237625,0.02442269136471358,0.01760617305178233,0.02888384947755531,0.08466440852401821,0.06577018536291669,0.0617941415330966,0.08539526534855184,0.11100416110350046,0.07310161174561908,0.07758430894141029,0.05821920914948707,0.03841331924808846,0.06838610446474538,0.07013719765414494,0.06629309439932182,0.07451265719447238,0.0637861210068023,0.04808393624568103,0.024979255467094497,0.0,0.05661654995741144,0.04220418274028508,0.019960736215943804,0.01597800432752311,0.08609656792031849,0.07180523552619823,0.07394468886190626,0.09547012893568953,0.11950116992296407,0.06229056773213838,0.07016903879083783,0.06366741149492751,0.05742364556959931,0.04186118306089048,0.0638636093771589,0.08089173595319611,0.10583826985760357,0.02245807663565273,0.04105020794848687,0.04478424880237625,0.05661654995741144,0.0,0.02495648708936794,0.04448301947501247,0.046279186652439214,0.09847521941490539,0.07985461853188472,0.07539251870550705,0.09249077799109882,0.114780065576454,0.059602697941301915,0.06073794003560328,0.05028632626419958,0.0466573149491873,0.04413147016128693,0.04842759457437703,0.059854474317282504,0.08193673285390765,0.02954904035378895,0.02209964695150935,0.02442269136471358,0.04220418274028508,0.02495648708936794,0.0,0.025817924989895092,0.035768880102936114,0.09290102053203868,0.07647878899176648,0.07305881850305385,0.09404233869339064,0.11811789460098025,0.07174716282689746,0.07320653115044061,0.05652321561805055,0.04419983607126918,0.062277319605067404,0.06123248110839883,0.061390389663576274,0.07334819007582691,0.05272910958377909,0.03629479048575358,0.01760617305178233,0.019960736215943804,0.04448301947501247,0.025817924989895092,0.0,0.01639816992930679,0.07771094658348907,0.06515787805506527,0.06709125689047594,0.09412222917176301,0.12074774408162901,0.07703582266257257,0.0827817627875106,0.06547222516260005,0.0470464685289432,0.06763977581281086,0.07417843554360483,0.07497417294715741,0.0859248773687571,0.05842962948525969,0.04881930695977419,0.02888384947755531,0.01597800432752311,0.046279186652439214,0.035768880102936114,0.01639816992930679,0.0
